a=38.34523
b=1.99862
c=1.24861
d=-0.23194
