a=25.84626
b=1.38919
c=1.1347
d=-0.22025
