a=29.73337
b=1.77751
c=1.21045
d=-0.53254
