a=27.91224
b=1.31996
c=1.08086
d=-0.79979
